#,Team,GP,W,L,WIN%,MIN,PTS,FGM,FGA,FG%,3PM,3PA,3P%,FTM,FTA,FT%,OREB,DREB,REB,AST,TOV,STL,BLK,BLKA,PF,PFD,+/-,Year
1,Chicago Bulls,82,62,20,0.756,48.4,98.6,37.1,80.3,46.2,6.2,17.3,36.1,18.2,24.5,74.3,11.8,32.4,44.2,22.3,14.2,7.2,5.7,5.8,20,20.1,7.3,2010
2,San Antonio Spurs,82,61,21,0.744,48.2,103.7,38.4,80.8,47.5,8.4,21.1,39.7,18.5,24.2,76.7,10.1,31.7,41.9,22.4,13.4,7.3,4.5,4.6,19,20.7,5.7,2010
3,Miami Heat,82,58,24,0.707,48.2,102.1,37,76.8,48.1,6.7,18,37,21.5,27.9,76.9,9.6,32.5,42.1,20,13.9,6.6,5.2,3,20.4,21.8,7.5,2010
4,Dallas Mavericks,82,57,25,0.695,48.1,100.2,37.4,78.8,47.5,7.9,21.6,36.5,17.5,22.6,77.7,9.5,31.9,41.4,23.8,14,6.8,4.3,3.7,19.2,20.1,4.2,2010
4,Los Angeles Lakers,82,57,25,0.695,48.4,101.5,38.1,82.4,46.3,6.4,18.1,35.2,18.8,24.1,77.9,12.1,31.9,44,22,13.1,7.3,5.1,4.5,19,20.7,6.1,2010
6,Boston Celtics,82,56,26,0.683,48.2,96.5,36.9,75.8,48.6,5,13.6,36.5,17.8,23.1,77,7.8,31,38.8,23.4,14.6,8.2,4.2,4.4,20.5,20.2,5.4,2010
7,Oklahoma City Thunder,82,55,27,0.671,48.8,104.8,37.4,80.6,46.4,5.9,17.1,34.7,24.1,29.3,82.3,11,31.8,42.8,20.4,14.1,8,5.9,4.3,22.4,21.5,3.8,2010
8,Orlando Magic,82,52,30,0.634,48.4,99.2,36,78.2,46.1,9.4,25.6,36.6,17.7,25.6,69.2,10.5,32.7,43.2,20,14.9,6.7,4.7,3.8,20,21.8,5.5,2010
9,Denver Nuggets,82,50,32,0.61,48.1,107.5,38.4,80.6,47.6,8.1,20.8,38.8,22.7,29.6,76.5,9.6,32.3,42,22.1,14.1,7.4,4.3,6,21,22.7,4.8,2010
10,Portland Trail Blazers,82,48,34,0.585,48.3,96.3,36,80.5,44.7,6.3,18.3,34.5,18,22.4,80.4,12.1,27.2,39.3,21.2,13,8,4.4,4.1,19.3,21.3,1.5,2010
11,Memphis Grizzlies,82,46,36,0.561,48.5,99.9,39,82.9,47.1,3.8,11.3,33.4,18.1,24.2,75,11.8,29.2,41,20.6,14,9.4,5.4,6.2,20.8,21.4,2.3,2010
11,New Orleans Hornets,82,46,36,0.561,48.4,94.9,35.9,78.2,45.9,5.4,15,36,17.7,23.1,76.5,10,30.1,40.1,20.6,13,7.6,4.4,4.8,21,20.4,0.9,2010
13,Atlanta Hawks,82,44,38,0.537,48.1,95,36.2,78.4,46.2,6.1,17.4,35.2,16.4,21.1,77.9,9.3,30,39.3,22,13.6,6.1,4.2,4.2,19,18.5,-0.8,2010
14,Houston Rockets,82,43,39,0.524,48.5,105.9,38.7,85.1,45.4,8.3,22.5,36.7,20.3,25.4,80.1,11.7,31.1,42.8,23.8,13.5,7.1,4.5,5.5,20,21.4,2.2,2010
15,New York Knicks,82,42,40,0.512,48.2,106.5,38.3,83.7,45.7,9.3,25.4,36.8,20.6,25.5,80.9,10.3,30.1,40.5,21.4,13.7,7.6,5.8,4.4,21.3,20.8,0.8,2010
16,Philadelphia 76ers,82,41,41,0.5,48.6,99,38.1,82.6,46.1,5.4,15.2,35.5,17.4,22.6,77,10.4,31.4,41.8,22.7,13,7.6,4.3,4.6,19.4,18.8,1.5,2010
17,Phoenix Suns,82,40,42,0.488,48.8,105,39.3,83.5,47,8.5,22.6,37.7,18,23.6,75.9,10,30.2,40.2,23.7,14.3,6.6,4.4,4.3,20.3,21.2,-0.9,2010
18,Utah Jazz,82,39,43,0.476,48.5,99.4,37.4,80.4,46.5,5.3,15.3,34.6,19.4,25.1,77.1,11,28.5,39.5,23.4,14.3,7.7,5.9,5,22.7,22,-1.8,2010
19,Indiana Pacers,82,37,45,0.451,48.2,99.8,36.6,82.8,44.2,7.1,20.2,35.4,19.4,24.8,78.2,11.1,32.4,43.5,19.6,15.4,7.1,5.6,5.7,21.7,21.4,-1.1,2010
20,Golden State Warriors,82,36,46,0.439,48.4,103.4,39.6,85.9,46.1,8.4,21.3,39.2,15.7,20.7,76.1,11.6,28.9,40.5,22.5,14.6,9,5,4.3,22,18.4,-2.3,2010
21,Milwaukee Bucks,82,35,47,0.427,48.4,91.9,34.3,79.8,43,5.9,17.2,34.2,17.4,22.9,75.7,10.5,30.2,40.8,18.8,13.5,7.5,4.9,4.8,20.5,20.7,-0.8,2010
22,Charlotte Bobcats,82,34,48,0.415,48.3,93.3,35,77.6,45.1,4.8,14.7,32.7,18.4,24.4,75.6,10.3,29.8,40.1,21.1,14.5,6.4,5.3,6,20,21.1,-4,2010
23,Los Angeles Clippers,82,32,50,0.39,48.4,98.6,36.8,80.4,45.7,6.3,18.5,33.8,18.9,26.7,70.7,11.6,30.5,42.1,22.1,16.4,7.1,4.9,4.9,21.1,22.1,-3.1,2010
24,Detroit Pistons,82,30,52,0.366,48.5,97,37.3,81.1,46,5.8,15.3,37.6,16.7,22.6,73.7,11.4,27.3,38.6,21.1,13,7.3,4,4.6,19.9,18.8,-3.6,2010
25,New Jersey Nets,82,24,58,0.293,48.8,94.2,35.6,81,44,5.6,16.3,34.3,17.4,22.9,75.9,11.1,29.8,40.8,21,14,5.6,4.7,4.6,22,20,-6.2,2010
25,Sacramento Kings,82,24,58,0.293,48.4,99.4,38.2,85.1,44.9,5.2,15.6,33.5,17.7,24.2,73.4,13.1,30.8,43.9,20.4,16.1,7.4,4.8,5.7,22,21,-5.3,2010
27,Washington Wizards,82,23,59,0.28,48.6,97.3,37.2,84,44.3,4.8,14.4,33.2,18.2,24.4,74.5,12.4,29,41.3,19.4,15.3,8.1,6.1,5,22.6,20.3,-7.4,2010
28,Toronto Raptors,82,22,60,0.268,48.2,99.1,38.3,82.4,46.5,4.2,13.3,31.6,18.2,24.1,75.5,11.7,28.6,40.3,21.9,14.7,7.1,4.3,5.6,22,19.8,-6.3,2010
29,Cleveland Cavaliers,82,19,63,0.232,48.2,95.5,35.2,81.1,43.4,6.2,18.2,34.2,18.9,25.3,74.5,10.4,29.9,40.3,21,14.2,6.6,4.2,6,20.1,21.3,-9,2010
30,Minnesota Timberwolves,82,17,65,0.207,48.2,101.1,37.7,85.5,44.1,7.2,19.1,37.6,18.5,24.1,76.8,13.2,31.2,44.4,20.1,17,7.2,5.1,5.5,22.3,20.9,-6.6,2010
1,Chicago Bulls,66,50,16,0.758,48.3,96.3,37.4,82.8,45.2,6.3,16.9,37.5,15.2,21.1,72.2,13.9,32.8,46.7,23.1,14,6.9,5.9,5.2,17.3,17.7,8.2,2011
1,San Antonio Spurs,66,50,16,0.758,48.3,103.7,39.6,82.8,47.8,8.4,21.3,39.3,16.2,21.6,74.8,10.3,32.6,43,23.2,13.6,7.4,4.4,5,17.3,18.8,7.2,2011
3,Oklahoma City Thunder,66,47,19,0.712,48.5,103.1,37.3,79.2,47.1,7.2,20,35.8,21.3,26.4,80.6,11,32.7,43.7,18.5,16.3,7.5,8.2,4.9,20.5,20,6.1,2011
4,Miami Heat,66,46,20,0.697,48.6,98.5,37.1,79,46.9,5.6,15.6,35.9,18.8,24.2,77.5,10.4,31.2,41.6,20,15.2,8.9,5.4,4.2,19.4,20.5,6,2011
5,Indiana Pacers,66,42,24,0.636,48.5,97.7,35.7,81.4,43.8,5.9,16.1,36.8,20.4,26.1,78.2,12.5,31.4,43.9,18.6,14,7.9,5.4,6,21.7,21.6,3.3,2011
6,Los Angeles Lakers,66,41,25,0.621,48.7,97.3,36.8,80.6,45.7,5.5,16.8,32.6,18.2,24.1,75.6,12.1,34.1,46.2,22.5,15.1,5.9,5.3,4.6,16.8,20.2,1.4,2011
6,Memphis Grizzlies,66,41,25,0.621,48.3,95,36.7,82.2,44.7,4.2,12.9,32.6,17.3,22.8,75.9,12.6,29.5,42,19.5,14.5,9.6,5.2,5.5,19.9,19.3,2,2011
8,Atlanta Hawks,66,40,26,0.606,49,96.6,36.8,81,45.4,7.5,20.2,37,15.5,21,74,9.9,31.3,41.2,22.4,14,8.1,4.6,4.7,17.8,19.1,3.4,2011
8,Los Angeles Clippers,66,40,26,0.606,48.4,97.5,37,81.3,45.5,7.8,21.8,35.7,15.8,23.3,68,12.1,29.4,41.6,21,13.3,8.4,4.8,4.5,21.2,21.2,2.6,2011
10,Boston Celtics,66,39,27,0.591,48.3,91.8,35.5,77.1,46,5.5,15,36.7,15.4,19.8,77.8,7.7,31.1,38.8,23.6,14.8,7.5,5.5,4.6,19.9,18.4,2.5,2011
11,Denver Nuggets,66,38,28,0.576,48.6,104.1,39,81.9,47.6,6.6,19.9,33.2,19.6,26.7,73.5,11.2,31.9,43.1,24,15.4,8.2,5,6.7,19.7,22,2.9,2011
12,Orlando Magic,66,37,29,0.561,48.4,94.2,34.5,78.2,44.1,10.2,27,37.5,15.1,22.8,66,11.2,31.2,42.5,20,14.9,6.8,4.2,4.1,17.7,19.8,0.8,2011
13,Dallas Mavericks,66,36,30,0.545,48.7,95.8,36.3,82,44.3,7.5,22.2,33.9,15.6,20.2,77.1,10.1,32.7,42.8,20.9,14,8.6,5.1,4,18.6,18.4,1,2011
13,New York Knicks,66,36,30,0.545,48.3,97.8,35.8,80.8,44.3,7.8,23.3,33.6,18.3,24.8,74.1,11.3,30.5,41.7,20.1,16,9.4,4.2,5.1,21.1,21.8,3.2,2011
13,Utah Jazz,66,36,30,0.545,49,99.7,38.2,83.8,45.6,4.1,12.8,32.3,19.1,25.3,75.4,13,31.1,44.2,21.8,14.2,8.3,5.8,5.7,21.8,20.7,0.6,2011
16,Philadelphia 76ers,66,35,31,0.53,48.2,93.6,37.4,83.6,44.8,5.3,14.6,36.2,13.5,18.2,74.2,10.7,32.5,43.2,22,11.2,8,5.2,4.8,17.5,16.2,4.2,2011
17,Houston Rockets,66,34,32,0.515,48.7,98.1,37.7,84,44.9,7.2,20.2,35.9,15.4,19.7,78.2,11.7,30.5,42.2,21.3,14.5,7.5,4.8,5.2,20.4,18.4,0.2,2011
18,Phoenix Suns,66,33,33,0.5,48,98.4,37.8,82.5,45.8,6.7,19.6,34.3,16,21.2,75.7,10.9,30.8,41.7,22.5,14.1,6.5,5.5,4.4,18.7,19.6,-0.2,2011
19,Milwaukee Bucks,66,31,35,0.47,48.1,99,37.9,85.6,44.3,6.6,19.2,34.5,16.6,21.4,77.4,12.4,30,42.5,23.5,14.1,8.3,5.1,4.5,19.3,19.4,0.3,2011
20,Portland Trail Blazers,66,28,38,0.424,48.4,97.2,36.4,82.1,44.3,7.2,20.9,34.6,17.2,21.6,79.6,11.1,29.5,40.7,20.4,14.2,8,4.9,4.8,19,19.8,-0.6,2011
21,Minnesota Timberwolves,66,26,40,0.394,48.3,97.9,35.7,82.3,43.3,7.2,21.6,33.2,19.4,25.2,77.1,12.1,31.7,43.7,19.5,15.2,6.6,4.4,5.7,18.4,21.7,-2.2,2011
22,Detroit Pistons,66,25,41,0.379,48.4,90.9,34.7,79.3,43.8,4.8,13.9,34.6,16.6,22.1,75.2,11.7,28.5,40.3,18.7,15.7,7,4.2,5.3,19.6,19.4,-4.8,2011
23,Golden State Warriors,66,23,43,0.348,48.2,97.8,37.7,82.5,45.7,7.9,20.5,38.8,14.4,18.7,77,9.7,29.5,39.2,22.3,13.9,8,5.5,5,21.4,16.6,-3.4,2011
23,Toronto Raptors,66,23,43,0.348,48.4,90.7,34.4,78.1,44,5.5,16.3,34,16.4,21.4,77,10.6,31.4,42,20.9,15.2,6.5,4.9,4.9,23.2,18.4,-3.3,2011
25,New Jersey Nets,66,22,44,0.333,48.2,93.1,34.3,80.6,42.5,7.7,22.4,34.2,16.9,21.7,77.7,11.9,28.5,40.3,19.9,15.1,7.5,3.9,5,19.2,19.3,-6,2011
25,Sacramento Kings,66,22,44,0.333,48.2,98.8,37.7,86.5,43.6,6.2,19.7,31.6,17.1,23.2,73.6,13.4,29.5,42.9,19.3,14.4,8.5,4.9,6.4,19.5,19.9,-5.7,2011
27,Cleveland Cavaliers,66,21,45,0.318,48.4,93,34.3,81.2,42.2,6.7,19.3,34.6,17.8,24.9,71.6,12.7,29.5,42.3,19.8,15.4,7.1,4,6.2,20,20.9,-7.2,2011
27,New Orleans Hornets,66,21,45,0.318,48.3,89.6,34.8,77.3,45.1,3.9,11.8,33.3,16,21.2,75.7,11,30.2,41.1,20.7,15.5,7.4,4.8,5.8,20.1,18.7,-3.8,2011
29,Washington Wizards,66,20,46,0.303,48.1,93.6,36.6,83,44.1,5.2,16.3,32,15.3,21,72.7,11.7,29.9,41.7,19.1,15.3,8,6.3,4.5,21.3,18.7,-4.8,2011
30,Charlotte Bobcats,66,7,59,0.106,48.2,87,33.2,80.2,41.4,4,13.5,29.5,16.5,22.2,74.6,10.3,28.7,39,20.1,14.5,6,5.5,5.7,18.9,20.3,-13.9,2011
1,Miami Heat,82,66,16,0.805,48.5,102.9,38.4,77.4,49.6,8.7,22.1,39.6,17.4,23,75.4,8.2,30.4,38.6,23,13.9,8.7,5.4,3.2,18.7,20.4,7.9,2012
2,Oklahoma City Thunder,82,60,22,0.732,48.4,105.7,38.1,79.3,48.1,7.3,19.4,37.7,22.2,26.8,82.8,10.4,33.2,43.6,21.4,15.3,8.3,7.6,3.9,20.2,20.7,9.2,2012
3,San Antonio Spurs,82,58,24,0.707,48.5,103,39.1,81.4,48.1,8.1,21.5,37.6,16.6,21,79.1,8.1,33.2,41.3,25.1,14.7,8.5,5.4,4.9,17.4,19.1,6.4,2012
4,Denver Nuggets,82,57,25,0.695,48.5,106.1,40.7,85.2,47.8,6.4,18.5,34.3,18.4,26.2,70.1,13.3,31.7,45,24.4,15.3,9.3,6.5,6.8,20.5,21.6,5.1,2012
5,Los Angeles Clippers,82,56,26,0.683,48.1,101.1,38.5,80.6,47.8,7.6,21.4,35.8,16.4,23,71.1,11.4,30.2,41.6,23.9,14.6,9.6,5.6,4.1,20.9,20.9,6.5,2012
5,Memphis Grizzlies,82,56,26,0.683,48.3,93.4,36.1,81.5,44.4,4.7,13.5,34.5,16.5,21.3,77.3,12.9,29.8,42.7,20.9,14,8.6,5.3,5.5,20.2,20,4.1,2012
7,New York Knicks,82,54,28,0.659,48.1,100,36.5,81.6,44.8,10.9,28.9,37.6,16,21.1,75.9,10.9,29.7,40.6,19.3,12,8.2,3.6,4,20.1,19.2,4.2,2012
8,Indiana Pacers,81,49,32,0.605,48.4,94.7,35.1,80.6,43.6,6.9,19.7,34.7,17.6,23.6,74.6,12.9,33,45.9,20.3,15.1,7.2,6.3,5.7,20,21.9,4,2012
9,Brooklyn Nets,82,49,33,0.598,48.4,96.9,35.9,79.8,45,7.7,21.5,35.7,17.5,23.9,73.1,12.8,30,42.8,20.3,14.7,7.3,4.8,4.8,18.3,21.4,1.8,2012
10,Golden State Warriors,82,47,35,0.573,48.3,101.2,38.2,83.4,45.8,8,19.9,40.3,16.8,21.3,79,10.8,34.2,45,22.5,15.1,6.9,4.2,4.9,21.4,19.2,0.9,2012
11,Chicago Bulls,82,45,37,0.549,48.4,93.2,35.7,81.7,43.7,5.4,15.4,35.3,16.4,21.2,77.3,12.5,30.7,43.2,23,14.3,7.2,5.1,5.8,19.7,19.6,0.3,2012
11,Houston Rockets,82,45,37,0.549,48.2,106,38.1,82.7,46.1,10.6,28.9,36.6,19.2,25.5,75.4,11.1,32.3,43.4,23.2,16.4,8.3,4.4,6.1,20.3,20.4,3.5,2012
11,Los Angeles Lakers,82,45,37,0.549,48.2,102.2,37.1,81,45.8,8.7,24.6,35.5,19.3,27.9,69.2,11.5,33.3,44.8,22.2,15,7,5.2,4.8,17.9,23.1,1.2,2012
14,Atlanta Hawks,82,44,38,0.537,48.4,98,37.6,81,46.4,8.6,23.2,37.1,14.1,19.7,71.5,9.2,31.6,40.9,24.5,14.9,8.1,4.5,4.3,18,18.8,0.4,2012
15,Utah Jazz,82,43,39,0.524,48.5,98,37.1,81.8,45.4,6.2,16.9,36.6,17.5,23,76.4,12.1,30,42,22.7,14.8,8.4,6.3,5.9,21.3,20.4,-0.1,2012
16,Boston Celtics,81,41,40,0.506,49,96.5,37,79.7,46.5,6.1,17.2,35.8,16.3,21,77.6,8.1,31.3,39.3,22.8,14.6,8.2,4.5,4.7,21.2,19.4,-0.2,2012
17,Dallas Mavericks,82,41,41,0.5,48.7,101.1,38.8,84,46.2,7.4,19.9,37.2,16.1,20.4,79.3,9.4,32.6,41.9,23.2,14,7.9,5.5,4.1,20.7,18.9,-0.6,2012
18,Milwaukee Bucks,82,38,44,0.463,48.4,98.9,38.1,87.8,43.5,7.3,20.4,36,15.3,20.7,73.6,13,30.9,44,22.9,14.1,8.4,6.7,4.4,19,19.1,-1.5,2012
19,Philadelphia 76ers,82,34,48,0.415,48.2,93.2,37.3,84.1,44.4,6.3,17.5,36,12.2,16.8,72.9,10.9,30.4,41.3,22.8,13,7.4,4.7,4.8,18.4,16.2,-3.3,2012
19,Toronto Raptors,82,34,48,0.415,48.7,97.2,36.3,81.5,44.6,7,20.3,34.3,17.6,22.3,78.8,10.6,29.6,40.2,21.5,13.7,7.3,4.8,4.7,22.4,20.1,-1.5,2012
21,Portland Trail Blazers,82,33,49,0.402,48.4,97.5,36.7,81.9,44.8,8.2,23.2,35.3,15.9,20.5,77.6,10.7,30.2,40.8,21.8,14.7,6.6,4.3,4.4,18.5,18.7,-3.2,2012
22,Minnesota Timberwolves,82,31,51,0.378,48.1,95.7,35.9,81.7,43.9,5.5,18,30.5,18.5,24.9,74.2,11.9,30.2,42,22.4,14.8,8.5,4.7,5.9,18.4,22.5,-2.4,2012
23,Detroit Pistons,82,29,53,0.354,48.3,94.9,36.3,81,44.9,6.3,17.6,35.6,15.9,22.8,69.9,12.1,30,42.1,21.2,15.1,7,4.9,5.8,19.8,19.9,-4,2012
23,Washington Wizards,82,29,53,0.354,48.4,93.2,35.5,81.6,43.5,6.6,18.2,36.5,15.6,21.3,73.3,10.8,32.3,43.2,21.6,15.1,7.3,4.6,4.4,20.5,19.1,-2.5,2012
25,Sacramento Kings,82,28,54,0.341,48.4,100.2,37.6,84.2,44.7,7.4,20.5,36.3,17.5,22.8,76.9,11.5,29.1,40.6,20.8,14.6,8.2,4.2,6.3,20.9,20,-4.9,2012
26,New Orleans Hornets,82,27,55,0.329,48.2,94.1,36,80.4,44.8,6.5,18,36.3,15.5,20,77.6,12,29.6,41.6,21,14.5,6.3,5.4,6,20.4,18.7,-3.9,2012
27,Phoenix Suns,82,25,57,0.305,48.3,95.2,37.3,84.4,44.3,5.9,17.7,33,14.7,19.7,74.4,11.7,29.9,41.6,22.6,15.6,8,5.3,5.1,20.6,18.4,-6.5,2012
28,Cleveland Cavaliers,82,24,58,0.293,48.1,96.5,36.5,84.2,43.4,6.7,19.3,34.6,16.8,22.3,75.6,12.2,28.8,41,20.7,14,7.9,4.1,6.8,21.2,19.7,-4.7,2012
29,Charlotte Bobcats,82,21,61,0.256,48.3,93.4,34.4,81.1,42.5,5.7,17.1,33.5,18.9,25.1,75,11.2,29.1,40.3,19.4,14.1,7.2,5.8,6.9,19,21.3,-9.2,2012
30,Orlando Magic,82,20,62,0.244,48.2,94.1,37.7,84.2,44.8,6.2,18.7,32.9,12.5,16.6,75.5,10.9,31.9,42.7,22.8,14.5,6.4,4.4,5.2,19.4,16.5,-7,2012
1,San Antonio Spurs,82,62,20,0.756,48.2,105.4,40.6,83.5,48.6,8.5,21.4,39.7,15.7,20,78.5,9.3,34,43.3,25.2,14.4,7.4,5.1,4.6,18.2,19.3,7.7,2013
2,Oklahoma City Thunder,82,59,23,0.72,48.3,106.2,39,82.7,47.1,8.1,22.4,36.1,20.2,25,80.6,10.8,33.9,44.7,21.9,15.3,8.3,6.1,3.6,22.7,20.4,6.3,2013
3,Los Angeles Clippers,82,57,25,0.695,48.2,107.9,39.1,82.5,47.4,8.5,24,35.2,21.2,29.1,73,10.5,32.5,43,24.6,13.9,8.6,4.8,3.5,21.5,23.4,7,2013
4,Indiana Pacers,82,56,26,0.683,48.2,96.7,36,80.2,44.9,6.7,18.8,35.7,18.1,23.3,77.9,10.2,34.5,44.7,20.1,15.1,6.7,5.4,4.6,20.4,21.9,4.4,2013
5,Houston Rockets,82,54,28,0.659,48.4,107.7,38,80.5,47.2,9.5,26.6,35.8,22.1,31.1,71.2,11.2,34.1,45.3,21.4,16.1,7.6,5.6,5.6,20.4,24.3,4.6,2013
5,Miami Heat,82,54,28,0.659,48.5,102.2,38.3,76.5,50.1,8.1,22.3,36.4,17.5,23,76,7.6,29.2,36.9,22.5,14.8,8.9,4.5,3.1,19.5,20.4,4.8,2013
5,Portland Trail Blazers,82,54,28,0.659,48.4,106.7,39.1,87,45,9.4,25.3,37.2,19.1,23.5,81.5,12.5,34,46.4,23.2,13.7,5.5,4.7,3.7,19.2,20.7,4,2013
8,Golden State Warriors,82,51,31,0.622,48.4,104.3,39.5,85.4,46.2,9.4,24.8,38,15.9,21.1,75.3,10.9,34.4,45.3,23.3,15.2,7.8,5,4.2,21.8,19.3,4.8,2013
9,Memphis Grizzlies,82,50,32,0.61,48.3,96.1,38.1,82,46.4,4.9,14,35.3,15.1,20.3,74.1,11.6,30.8,42.4,21.9,13.7,7.7,4.6,5,19.1,18.9,1.6,2013
10,Dallas Mavericks,82,49,33,0.598,48.4,104.8,39.6,83.6,47.4,8.8,22.9,38.4,16.8,21.1,79.5,10.2,30.7,40.9,23.6,13.5,8.6,4.3,3.5,20,19.9,2.4,2013
11,Chicago Bulls,82,48,34,0.585,48.6,93.7,34.7,80.2,43.2,6.2,17.8,34.8,18.1,23.3,77.9,11.4,32.7,44.1,22.7,14.9,7.2,5.2,6,19.1,20.9,1.9,2013
11,Phoenix Suns,82,48,34,0.585,48.2,105.2,38.7,83.5,46.3,9.3,25.1,37.2,18.5,24.4,75.8,11.3,31.7,43,19.1,15.3,8.4,4.6,4,21.9,21.3,2.6,2013
11,Toronto Raptors,82,48,34,0.585,48.7,101.3,36.5,81.9,44.5,8.7,23.4,37.2,19.6,25.1,78.2,11.4,31.1,42.5,21.2,14.1,7,4.2,4.3,23,22.1,3.2,2013
14,Brooklyn Nets,82,44,38,0.537,48.5,98.5,35.7,77.9,45.9,8.6,23.4,36.9,18.4,24.4,75.3,8.8,29.4,38.1,20.9,14.5,8.6,3.8,4.1,21.7,20.8,-1,2013
14,Washington Wizards,82,44,38,0.537,48.9,100.7,38.7,84.4,45.9,7.9,20.8,38,15.3,20.9,73.1,10.8,31.4,42.2,23.3,14.7,8.1,4.6,3.9,20.4,19.5,1.3,2013
16,Charlotte Bobcats,82,43,39,0.524,48.5,96.9,36.3,82.1,44.2,6.3,17.9,35.1,18,24.4,73.7,9.5,33.2,42.7,21.7,12.3,6.1,5.1,5.1,18.2,20.9,-0.2,2013
17,Minnesota Timberwolves,82,40,42,0.488,48.4,106.9,38.9,87.5,44.4,7.3,21.4,34.1,21.8,28.1,77.8,12.5,32.2,44.7,23.9,13.9,8.8,3.6,5.6,18.3,23.6,2.7,2013
18,Atlanta Hawks,82,38,44,0.463,48.4,101,37.3,81.6,45.8,9.4,25.8,36.3,17,21.7,78.1,8.7,31.3,40,24.9,15.3,8.3,4,4.3,19.2,20,-0.5,2013
19,New York Knicks,82,37,45,0.451,48.4,98.6,36.9,82.2,44.9,9.3,24.9,37.2,15.5,20.4,76.1,10.6,29.7,40.3,20,13,7.7,4.5,3.4,22.1,19.6,-0.8,2013
20,Denver Nuggets,82,36,46,0.439,48.2,104.4,38.4,85.9,44.7,8.6,23.9,35.8,19.1,26.3,72.6,12.3,33.1,45.4,22.4,15.9,7.5,5.6,5.6,23,21.7,-2.1,2013
21,New Orleans Pelicans,82,34,48,0.415,48.4,99.7,37.8,82.5,45.9,5.9,15.9,37.3,18.2,23.6,76.9,11.4,30.3,41.7,21.3,13.8,7.9,6.4,6.1,22.6,20.3,-2.7,2013
22,Cleveland Cavaliers,82,33,49,0.402,48.6,98.2,37,84.8,43.7,7.1,20,35.6,17,22.7,75.1,12.1,32.1,44.1,21.2,14.2,7.1,3.7,5.6,20,19.5,-3.3,2013
23,Detroit Pistons,82,29,53,0.354,48.2,101,38.8,86.9,44.7,6.2,19.3,32.1,17.3,25.7,67,14.6,30.8,45.4,20.9,14.5,8.4,4.8,4.9,20.3,20.7,-3.7,2013
24,Sacramento Kings,82,28,54,0.341,48.4,100.5,36.9,82.5,44.7,6,18,33.3,20.7,27.3,75.9,12.1,32.4,44.5,18.9,15.2,7.2,3.9,5.6,22.5,23.1,-2.9,2013
25,Los Angeles Lakers,82,27,55,0.329,48.1,103,38.3,85.1,45,9.4,24.8,38.1,17,22.4,75.7,9.1,32,41,24.5,15.1,7.5,5.4,4.7,19.8,19.3,-6.3,2013
26,Boston Celtics,82,25,57,0.305,48.1,96.2,36.5,83.9,43.5,7,21.1,33.3,16.2,20.8,77.7,12,30.5,42.5,21,15.4,7.1,4.2,4.5,21.3,19.1,-4.5,2013
26,Utah Jazz,82,25,57,0.305,48.2,95,36,81.1,44.4,6.6,19.2,34.4,16.4,22,74.7,11,30.2,41.2,20.3,14.6,7,4.5,4.9,20.7,20.4,-7.2,2013
28,Orlando Magic,82,23,59,0.28,48.7,96.5,36.9,82.7,44.5,6.9,19.5,35.3,15.9,20.9,76.3,9.7,32.4,42,21,14.9,7.7,4.3,5.4,20.5,18.3,-5.4,2013
29,Philadelphia 76ers,82,19,63,0.232,48.4,99.5,37.9,87.2,43.5,7,22.5,31.2,16.6,23.4,71,11.6,31.2,42.7,21.8,16.9,9.3,4,6.8,22.5,20.6,-10.5,2013
30,Milwaukee Bucks,82,15,67,0.183,48.5,95.5,36,82.2,43.8,6.7,18.9,35.3,16.8,22.5,74.7,11.8,29.3,41.1,21.5,15.1,6.6,4.9,5,20.9,20.6,-8.2,2013
1,Golden State Warriors,82,67,15,0.817,48.1,110,41.6,87,47.8,10.8,27,39.8,16,20.8,76.8,10.4,34.3,44.7,27.4,14.5,9.3,6,3.6,19.9,18.8,10.1,2014
2,Atlanta Hawks,82,60,22,0.732,48.1,102.5,38.1,81.7,46.6,10,26.2,38,16.5,21.2,77.8,8.7,31.8,40.6,25.7,14.2,9.1,4.6,4.9,17.8,19.6,5.4,2014
3,Houston Rockets,82,56,26,0.683,48.3,103.9,37,83.3,44.4,11.4,32.7,34.8,18.6,26,71.5,11.7,32,43.7,22.2,16.7,9.5,5,5.3,22,21.1,3.4,2014
3,Los Angeles Clippers,82,56,26,0.683,48.1,106.7,39.4,83.3,47.3,10.1,26.9,37.6,17.9,25.2,71,9.6,33.1,42.6,24.8,12.3,7.8,5,3,21.3,21.5,6.6,2014
5,Memphis Grizzlies,82,55,27,0.671,48.5,98.3,37.8,82.5,45.8,5.2,15.2,33.9,17.6,22.8,77.3,10.4,32.1,42.6,21.7,13.3,8.5,4.2,5.2,19.1,20.3,3.2,2014
5,San Antonio Spurs,82,55,27,0.671,48.7,103.2,39.1,83.6,46.8,8.3,22.5,36.7,16.7,21.4,78,9.8,33.8,43.6,24.4,14,8,5.4,4.4,19.1,19.7,6.2,2014
7,Cleveland Cavaliers,82,53,29,0.646,48.2,103.1,37.7,82.2,45.8,10.1,27.5,36.7,17.7,23.6,75.1,11.1,31.9,43,22.1,14.3,7.4,4.1,4.5,18.4,20.5,4.5,2014
8,Portland Trail Blazers,82,51,31,0.622,48.4,102.8,38.7,86,45,9.8,27.2,36.2,15.5,19.4,80.1,10.7,35.1,45.9,21.9,13.6,6.4,4.5,3.6,18.2,18.7,4.2,2014
9,Chicago Bulls,82,50,32,0.61,48.5,100.8,36.6,82.9,44.2,7.9,22.3,35.3,19.7,25.2,78.3,11.7,34,45.7,21.7,14,6.3,5.8,5.4,18.2,21.2,3,2014
9,Dallas Mavericks,82,50,32,0.61,48.5,105.2,39.7,85.8,46.3,8.9,25.4,35.2,16.9,22.5,75.2,10.5,31.8,42.3,22.5,13,8.1,4.5,3.8,20,22.1,2.9,2014
11,Toronto Raptors,82,49,33,0.598,48.4,104,37.9,83.3,45.5,8.9,25.1,35.2,19.3,24.6,78.7,10.7,30.8,41.5,20.7,12.9,7.5,4.4,5,20.9,20.3,3.1,2014
12,Washington Wizards,82,46,36,0.561,48.7,98.5,38.3,82.8,46.2,6.1,16.8,36,15.9,21.4,74.2,10.5,34.2,44.7,24,15,7.3,4.6,4.3,20.8,19.6,0.7,2014
13,New Orleans Pelicans,82,45,37,0.549,48.2,99.4,37.9,82.9,45.7,7.1,19.3,37,16.4,21.8,75.1,11.5,32,43.5,22,13.3,6.7,6.2,5.8,18.7,18.7,0.8,2014
13,Oklahoma City Thunder,82,45,37,0.549,48.4,104,38.8,86.8,44.7,7.7,22.7,33.9,18.6,24.6,75.4,12.8,34.7,47.5,20.5,14.7,7.3,5.5,4.6,22.3,20.4,2.2,2014
15,Milwaukee Bucks,82,41,41,0.5,48.6,97.8,37.6,82,45.9,6.6,18.3,36.3,16,21.1,75.7,10.7,31.4,42.1,23.6,16.7,9.6,4.9,4.8,22.1,20.1,0.4,2014
16,Boston Celtics,82,40,42,0.488,48.5,101.4,38.9,87.9,44.3,8,24.6,32.7,15.4,20.5,75.4,11.1,32.7,43.8,24.5,13.8,8.2,3.6,5.3,21.2,18.8,0.2,2014
17,Phoenix Suns,82,39,43,0.476,48.5,102.4,38.8,85.8,45.2,8.5,25,34.1,16.4,21.5,76,10.9,32.2,43.2,20.2,15.1,8.5,4.7,4.1,21.3,20.3,-0.9,2014
18,Brooklyn Nets,82,38,44,0.463,48.6,98,37.4,83,45.1,6.6,19.9,33.1,16.6,22.2,74.8,10.3,32,42.4,20.9,13.8,7,4.1,4.5,19.3,20,-2.9,2014
18,Indiana Pacers,82,38,44,0.463,48.4,97.3,36.6,83.2,43.9,7.5,21.2,35.2,16.7,22.2,75.6,10.4,34.4,44.9,21.4,14,6.2,4.6,4.7,21.2,21.4,0.3,2014
18,Utah Jazz,82,38,44,0.463,48.1,95.1,35.4,79.2,44.7,7.4,21.7,34.3,17,23.5,72.1,12,31.9,44,19.9,15.3,7.6,6,4.7,19.3,19.6,0.2,2014
21,Miami Heat,82,37,45,0.451,48.1,94.7,35.2,77.2,45.6,6.8,20.2,33.5,17.5,23.7,74.1,9.1,30,39.1,19.8,14.8,7.8,4.5,4.4,20,20.9,-2.6,2014
22,Charlotte Hornets,82,33,49,0.402,48.5,94.2,35.5,84.5,42,6.1,19.1,31.8,17,22.8,74.8,10,34.1,44.1,20.2,11.9,6.1,5.5,5.4,18.2,20.8,-3.2,2014
23,Detroit Pistons,82,32,50,0.39,48.4,98.5,37.1,85.8,43.2,8.6,24.9,34.4,15.8,22.4,70.3,12.8,32.1,44.9,21.6,13.4,7.6,4.7,4.8,19,19.3,-1,2014
24,Denver Nuggets,82,30,52,0.366,48.5,101.5,37.8,87.3,43.3,8,24.8,32.5,17.8,24.3,73.4,12.3,32.4,44.7,21.8,14.2,7.8,4.5,6.1,23,20.7,-3.5,2014
25,Sacramento Kings,82,29,53,0.354,48.4,101.3,36.7,80.7,45.5,5.6,16.5,34.1,22.3,29.3,76.2,10.9,33.3,44.2,20.3,16.3,6.7,4,6.2,20.7,23.9,-3.7,2014
26,Orlando Magic,82,25,57,0.305,48.2,95.7,37.5,82.8,45.3,6.8,19.5,34.7,13.9,19.1,72.9,10,31.8,41.8,20.6,14.9,7.9,3.8,5.4,20.9,17.9,-5.7,2014
27,Los Angeles Lakers,82,21,61,0.256,48.6,98.5,37.2,85.6,43.5,6.5,18.9,34.4,17.5,23.6,74.1,11.6,32.3,43.9,20.9,13.2,7,4.5,4.8,21.2,19.4,-6.8,2014
28,Philadelphia 76ers,82,18,64,0.22,48.3,92,33.7,82.6,40.8,8.4,26.3,32,16.1,23.8,67.6,11.9,30.9,42.9,20.5,17.7,9.6,5.9,5.5,21.7,20.2,-9,2014
29,New York Knicks,82,17,65,0.207,48.4,91.9,35.1,82,42.8,6.8,19.7,34.7,14.8,19.2,76.9,10.6,29.8,40.4,21.3,14.7,7,4.7,4.3,21.6,19.1,-9.3,2014
30,Minnesota Timberwolves,82,16,66,0.195,48.3,97.8,36.4,83.2,43.8,5,14.9,33.2,20,25.7,77.6,11.6,29.3,40.9,21.6,15,8.1,4,5.5,19.2,21.4,-8.8,2014
1,Golden State Warriors,82,73,9,0.89,48.5,114.9,42.5,87.3,48.7,13.1,31.6,41.6,16.7,21.8,76.3,10,36.2,46.2,28.9,15.2,8.4,6.1,4.1,20.7,19.8,10.8,2015
2,San Antonio Spurs,82,67,15,0.817,48.1,103.5,40.1,82.9,48.4,7,18.5,37.5,16.4,20.4,80.3,9.4,34.5,43.9,24.5,13.1,8.3,5.9,3.9,17.5,19.5,10.6,2015
3,Cleveland Cavaliers,82,57,25,0.695,48.4,104.3,38.7,84,46,10.7,29.6,36.2,16.3,21.7,74.8,10.6,33.9,44.5,22.7,13.6,6.7,3.9,4.4,20.3,20.6,6,2015
4,Toronto Raptors,82,56,26,0.683,48.2,102.7,36.7,81.3,45.1,8.6,23.4,37,20.8,26.7,77.7,10.2,33.2,43.4,18.7,13.1,7.8,5.5,5.4,19.6,22,4.5,2015
5,Oklahoma City Thunder,82,55,27,0.671,48.4,110.2,41.1,86.4,47.6,8.3,23.7,34.9,19.7,25.2,78.2,13.1,35.6,48.6,23,15.9,7.4,5.9,4.5,20.6,20.2,7.3,2015
6,LA Clippers,82,53,29,0.646,48.4,104.5,38.3,82.4,46.5,9.7,26.7,36.4,18.2,26.2,69.2,8.8,33.3,42,22.8,13,8.6,5.6,3.2,21.3,22.5,4.3,2015
7,Atlanta Hawks,82,48,34,0.585,48.4,102.8,38.6,84.4,45.8,9.9,28.4,35,15.6,20,78.3,8.3,33.8,42.1,25.6,15,9.1,5.9,5,19.1,18.3,3.6,2015
7,Boston Celtics,82,48,34,0.585,48.2,105.7,39.2,89.2,43.9,8.7,26.1,33.5,18.5,23.5,78.8,11.6,33.3,44.9,24.2,13.7,9.2,4.2,5.5,21.9,21,3.2,2015
7,Charlotte Hornets,82,48,34,0.585,48.4,103.4,37,84.4,43.9,10.6,29.4,36.2,18.7,23.7,79,9,35,43.9,21.7,12.5,7.3,5.3,5.5,18.1,20.4,2.7,2015
7,Miami Heat,82,48,34,0.585,48.4,100,38.4,81.7,47,6.1,18,33.6,17.1,23,74.4,9.8,34.3,44.1,20.8,14.1,6.7,6.5,4.1,18.3,19.6,1.6,2015
11,Indiana Pacers,82,45,37,0.549,48.5,102.2,38.3,85.2,45,8.1,23,35.1,17.4,22.8,76.4,10.3,33.9,44.2,21.2,14.9,9,4.8,4.5,20,20.4,1.7,2015
12,Detroit Pistons,82,44,38,0.537,48.5,102,37.9,86.4,43.9,9,26.2,34.5,17.1,25.5,66.8,12.5,33.9,46.3,19.4,13.5,7,3.7,4.5,19,21.6,0.6,2015
12,Portland Trail Blazers,82,44,38,0.537,48.3,105.1,38.6,85.9,45,10.5,28.5,37,17.4,23,75.4,11.6,33.9,45.5,21.3,14.6,6.9,4.6,5.2,21.7,19.5,0.8,2015
14,Chicago Bulls,82,42,40,0.512,48.5,101.6,38.6,87.4,44.1,7.9,21.4,37.1,16.5,21,78.7,11.1,35.2,46.3,22.8,13.9,6,5.7,5.7,18.8,18.7,-1.5,2015
14,Dallas Mavericks,82,42,40,0.512,48.8,102.3,37.4,84.1,44.4,9.8,28.6,34.4,17.7,22.3,79.4,9.2,33.9,43.1,22.1,12.8,6.8,3.7,4.4,19.5,21.4,-0.3,2015
14,Memphis Grizzlies,82,42,40,0.512,48.4,99.1,36.8,83.6,44,6.1,18.5,33.1,19.3,24.7,78.3,11.2,30.5,41.6,20.7,13.3,8.8,4.3,5.7,21.7,21.1,-2.2,2015
17,Houston Rockets,82,41,41,0.5,48.4,106.5,37.7,83.5,45.2,10.7,30.9,34.7,20.4,29.4,69.4,11.3,31.7,43.1,22.2,15.9,10,5.2,4.9,21.8,22.5,0.2,2015
17,Washington Wizards,82,41,41,0.5,48.2,104.1,39.5,85.8,46,8.6,24.2,35.8,16.5,22.5,73,9.1,32.8,41.8,24.5,14.5,8.6,3.9,4.3,20.8,20.1,-0.5,2015
19,Utah Jazz,82,40,42,0.488,48.7,97.7,36.1,80.4,44.9,8.5,23.9,35.5,17.1,23,74.4,10.7,32.5,43.2,19,14.9,7.7,5.2,4.7,20.2,19.9,1.8,2015
20,Orlando Magic,82,35,47,0.427,48.5,102.1,39.5,86.8,45.5,7.8,22.2,35,15.2,20.1,75.7,10.3,33,43.3,23.6,14.1,8.2,5.1,5.5,20.7,18.3,-1.6,2015
21,Denver Nuggets,82,33,49,0.402,48.4,101.9,37.7,85.4,44.2,8,23.7,33.8,18.5,24.1,76.6,11.5,33.1,44.6,22.7,14.7,7.4,4.8,6.3,21,20.9,-3.1,2015
21,Milwaukee Bucks,82,33,49,0.402,48.4,99,38.4,82.2,46.7,5.4,15.6,34.5,17,22.7,74.7,10.5,31.2,41.7,23.1,15.2,8.2,5.8,5.6,20.7,19.5,-4.2,2015
21,Sacramento Kings,82,33,49,0.402,48.3,106.6,40,86.4,46.4,8,22.4,35.9,18.5,25.5,72.5,10.6,33.7,44.2,24.5,16.2,8.9,4.5,5.3,20.4,22,-2.5,2015
24,New York Knicks,82,32,50,0.39,48.3,98.4,36.9,84,43.9,7.4,21.5,34.6,17.2,21.4,80.5,10.4,34,44.4,20.5,13.4,5.7,5.7,4.2,19.7,18.5,-2.7,2015
25,New Orleans Pelicans,82,30,52,0.366,48.2,102.7,38.5,85.9,44.8,8.6,23.8,36,17.3,22.2,77.6,9.5,33.1,42.6,22.2,13.4,7.7,4.2,5.2,20.9,19.9,-3.8,2015
26,Minnesota Timberwolves,82,29,53,0.354,48.5,102.4,37.7,81.3,46.4,5.5,16.4,33.8,21.4,27,79.2,10,31.5,41.6,23.4,15,8,4.6,5.2,20.7,21.6,-3.5,2015
27,Phoenix Suns,82,23,59,0.28,48.1,100.9,37.2,85.6,43.5,9,25.8,34.8,17.5,23.2,75.1,11.5,33.3,44.8,20.7,17.2,7.7,3.8,5.5,22.7,21.6,-6.7,2015
28,Brooklyn Nets,82,21,61,0.256,48.2,98.6,38.2,84.4,45.3,6.5,18.4,35.2,15.7,20.7,75.7,10.5,31.9,42.4,22.3,14.8,7.6,4,5.2,18,18.4,-7.4,2015
29,Los Angeles Lakers,82,17,65,0.207,48.1,97.3,35.1,84.8,41.4,7.8,24.6,31.7,19.3,24.7,78.1,10.7,32.3,43,18,13.7,7.2,4.1,5.6,20.3,19.2,-9.6,2015
30,Philadelphia 76ers,82,10,72,0.122,48.3,97.4,36.2,84,43.1,9.3,27.5,33.9,15.7,22.6,69.4,9.5,31.8,41.2,21.5,16.4,8.3,6,5.7,21.7,19.2,-10.2,2015
1,Golden State Warriors,82,67,15,0.817,48.2,115.9,43.1,87.1,49.5,12,31.2,38.3,17.8,22.6,78.8,9.4,35,44.4,30.4,14.8,9.6,6.8,3.8,19.3,19.4,11.6,2016
2,San Antonio Spurs,82,61,21,0.744,48.3,105.3,39.3,83.7,46.9,9.2,23.5,39.1,17.6,22,79.7,10,33.9,43.9,23.8,13.4,8,5.9,4.1,18.3,19.8,7.2,2016
3,Houston Rockets,82,55,27,0.671,48.2,115.3,40.3,87.2,46.2,14.4,40.3,35.7,20.3,26.5,76.6,10.9,33.5,44.4,25.2,15.1,8.2,4.3,5,19.9,20.4,5.8,2016
4,Boston Celtics,82,53,29,0.646,48.2,108,38.6,85.1,45.4,12,33.4,35.9,18.7,23.2,80.7,9.1,32.9,42,25.2,13.3,7.5,4.1,5.2,20.6,20.3,2.6,2016
5,Cleveland Cavaliers,82,51,31,0.622,48.5,110.3,39.9,84.9,47,13,33.9,38.4,17.5,23.3,74.8,9.3,34.4,43.7,22.7,13.7,6.6,4,4.3,18.1,20.6,3.2,2016
5,LA Clippers,82,51,31,0.622,48.2,108.7,39.5,83.2,47.5,10.3,27.4,37.5,19.3,26,74.5,9,34,43,22.5,13,7.5,4.2,3.1,19.8,22.4,4.3,2016
5,Toronto Raptors,82,51,31,0.622,48.2,106.9,39.2,84.4,46.4,8.8,24.3,36.3,19.7,24.7,79.6,10.6,32.6,43.3,18.5,12.7,8.3,4.9,4.8,20.8,20.3,4.2,2016
5,Utah Jazz,82,51,31,0.622,48.2,100.7,37,79.5,46.6,9.6,26,37.2,17.1,22.9,74.7,9.4,33.8,43.2,20.1,13.6,6.7,5,3.8,18.8,20.2,3.9,2016
9,Washington Wizards,82,49,33,0.598,48.4,109.2,41.3,87,47.5,9.2,24.8,37.2,17.3,22.1,78.4,10.3,32.6,42.9,23.9,14.2,8.5,4.1,4.6,21.3,19.8,1.8,2016
10,Oklahoma City Thunder,82,47,35,0.573,48.3,106.6,39.5,87.4,45.2,8.4,25.8,32.7,19.2,25.8,74.5,12.2,34.4,46.6,21,15,7.9,5,5.5,20.9,20.7,0.8,2016
11,Atlanta Hawks,82,43,39,0.524,48.5,103.2,38.1,84.4,45.1,8.9,26.1,34.1,18.1,24.9,72.8,10.3,34.1,44.3,23.6,15.8,8.2,4.8,5.2,18.2,21.6,-0.9,2016
11,Memphis Grizzlies,82,43,39,0.524,48.5,100.5,36.4,83.6,43.5,9.4,26.5,35.4,18.3,23.4,78.4,10.8,32,42.8,21.3,12.9,8,4.2,5,22.4,20.8,0.5,2016
13,Indiana Pacers,82,42,40,0.512,48.4,105.1,39.3,84.5,46.5,8.6,23,37.6,17.9,22.1,81,9,33,42,22.5,13.8,8.2,5,5,19.5,19.5,-0.2,2016
13,Milwaukee Bucks,82,42,40,0.512,48.2,103.6,38.8,81.9,47.4,8.8,23.7,37,17.2,22.4,76.8,8.8,31.6,40.4,24.2,14,8.1,5.3,4.6,20.2,19.3,-0.2,2016
15,Chicago Bulls,82,41,41,0.5,48.2,102.9,38.6,87.1,44.4,7.6,22.3,34,18,22.5,79.8,12.2,34.1,46.3,22.6,13.6,7.8,4.8,4.6,17.7,18.8,0.4,2016
15,Miami Heat,82,41,41,0.5,48.2,103.2,39,85.8,45.5,9.9,27,36.5,15.2,21.6,70.6,10.6,33,43.6,21.2,13.4,7.2,5.7,4.9,20.5,18.7,1.1,2016
15,Portland Trail Blazers,82,41,41,0.5,48.6,107.9,39.5,86.1,45.9,10.4,27.7,37.5,18.5,23.7,78,10.1,33.5,43.7,21.1,13.7,7,5,5.3,21.2,19.8,-0.5,2016
18,Denver Nuggets,82,40,42,0.488,48.2,111.7,41.2,87.7,46.9,10.6,28.8,36.8,18.7,24.2,77.4,11.8,34.6,46.4,25.3,15,6.9,3.9,4.9,19.1,20.2,0.5,2016
19,Detroit Pistons,82,37,45,0.451,48.3,101.3,39.9,88.8,44.9,7.7,23.4,33,13.9,19.3,71.9,11.1,34.6,45.7,21.1,11.9,7,3.8,4.1,17.9,17.5,-1.1,2016
20,Charlotte Hornets,82,36,46,0.439,48.4,104.9,37.7,85.4,44.2,10,28.6,35.1,19.4,23.8,81.5,8.8,34.8,43.6,23.1,11.5,7,4.8,5.5,16.6,19.9,0.2,2016
21,New Orleans Pelicans,82,34,48,0.415,48.5,104.3,39.1,87,45,9.4,26.8,35,16.7,22.3,75,8.6,35.1,43.7,22.8,12.9,7.8,5.5,4.2,18.2,19.3,-2.1,2016
22,Dallas Mavericks,82,33,49,0.402,48.2,97.9,36.2,82.3,44,10.7,30.2,35.5,14.8,18.5,80.1,7.9,30.7,38.6,20.8,11.9,7.5,3.7,3.4,19.1,19.4,-2.9,2016
23,Sacramento Kings,82,32,50,0.39,48.5,102.8,37.9,82.1,46.1,9,23.9,37.6,18.1,23.3,77.5,8.7,32.3,41.1,22.5,14.6,7.6,4,5.1,20.3,20.1,-3.9,2016
24,Minnesota Timberwolves,82,31,51,0.378,48.3,105.6,39.5,84.4,46.7,7.3,21,34.9,19.3,24.2,79.9,11.4,31,42.4,23.7,14,8,4.5,5,20.1,20.5,-1.1,2016
24,New York Knicks,82,31,51,0.378,48.4,104.3,39.6,88.5,44.7,8.6,24.7,34.8,16.6,21.1,78.8,12,33.2,45.2,21.8,13.9,7.1,5.5,4.6,20.3,18.5,-3.7,2016
26,Orlando Magic,82,29,53,0.354,48.3,101.1,38.3,87,44,8.5,26.1,32.8,16,21.4,74.7,9.8,33.3,43.2,22.2,13.3,7.1,4.8,5.1,19.3,18.7,-6.6,2016
27,Philadelphia 76ers,82,28,54,0.341,48.4,102.4,37.7,85.3,44.2,10.1,29.8,34,17,22,77.1,9.8,33,42.8,23.8,16.7,8.4,5.1,5.4,21.9,19.6,-5.7,2016
28,Los Angeles Lakers,82,26,56,0.317,48.1,104.6,39.3,87.4,45,8.9,25.7,34.6,17,22.6,75.4,11.4,32.1,43.5,20.9,15.2,8.2,3.9,5.4,20.7,18.5,-6.9,2016
29,Phoenix Suns,82,24,58,0.293,48.4,107.7,39.9,88.5,45,7.5,22.6,33.2,20.4,26.3,77.6,11.9,33.1,45,19.6,15.4,8.2,4.9,5.3,24.8,22.2,-5.6,2016
30,Brooklyn Nets,82,20,62,0.244,48.2,105.8,37.8,85.2,44.4,10.7,31.6,33.8,19.4,24.6,78.8,8.8,35.1,43.9,21.4,16.5,7.2,4.7,5.6,21,20.4,-6.7,2016
1,Houston Rockets,82,65,17,0.793,48.2,112.4,38.7,84.2,46,15.3,42.3,36.2,19.6,25.1,78.1,9,34.5,43.5,21.5,13.8,8.5,4.8,4.4,19.5,20.4,8.5,2017
2,Toronto Raptors,82,59,23,0.72,48.4,111.7,41.3,87.4,47.2,11.8,33,35.8,17.3,21.8,79.4,9.8,34.2,44,24.3,13.4,7.6,6.1,4.9,21.7,19.9,7.8,2017
3,Golden State Warriors,82,58,24,0.707,48.1,113.5,42.8,85.1,50.3,11.3,28.9,39.1,16.6,20.3,81.5,8.4,35.1,43.5,29.3,15.4,8,7.5,3.7,19.6,18.5,6,2017
4,Boston Celtics,82,55,27,0.671,48.3,104,38.3,85.1,45,11.5,30.4,37.7,16,20.7,77.1,9.4,35.1,44.5,22.5,14,7.4,4.5,4.4,19.7,19.2,3.6,2017
5,Philadelphia 76ers,82,52,30,0.634,48.2,109.8,40.8,86.6,47.2,11,29.8,36.9,17.1,22.8,75.2,10.9,36.5,47.4,27.1,16.5,8.3,5.1,5.1,22.1,20.4,4.5,2017
6,Cleveland Cavaliers,82,50,32,0.61,48.1,110.9,40.4,84.8,47.6,12,32.1,37.2,18.1,23.3,77.9,8.5,33.7,42.1,23.4,13.7,7.1,3.8,4.1,18.6,20.7,0.9,2017
7,Portland Trail Blazers,82,49,33,0.598,48.2,105.6,39.3,87,45.2,10.3,28.1,36.6,16.7,20.9,80,10.2,35.3,45.5,19.5,13.5,7,5.2,5.1,19.5,19.1,2.6,2017
8,Indiana Pacers,82,48,34,0.585,48.2,105.6,40.8,86.4,47.2,9,24.5,36.9,14.9,19.2,77.9,9.6,32.7,42.3,22.2,13.3,8.8,4.1,5.2,18.8,18.5,1.4,2017
8,New Orleans Pelicans,82,48,34,0.585,48.7,111.7,42.7,88.3,48.3,10.2,28.2,36.2,16.1,20.9,77.2,8.7,35.6,44.3,26.8,14.9,8,5.9,4.2,19.1,20.4,1.3,2017
8,Oklahoma City Thunder,82,48,34,0.585,48.4,107.9,39.9,88.1,45.3,10.7,30.4,35.4,17.3,24.2,71.6,12.5,32.6,45.1,21.3,14,9.1,5,4.6,20.2,21.3,3.4,2017
8,Utah Jazz,82,48,34,0.585,48.2,104.1,38.3,82.9,46.2,10.8,29.6,36.6,16.8,21.5,77.9,9,34.2,43.3,22.4,14.7,8.6,5.1,4.6,19.6,20.5,4.3,2017
12,Minnesota Timberwolves,82,47,35,0.573,48.3,109.5,41,86.1,47.6,8,22.5,35.7,19.4,24.1,80.4,10.3,31.6,42,22.7,12.5,8.4,4.2,4.7,18.2,20.9,2.2,2017
12,San Antonio Spurs,82,47,35,0.573,48.1,102.7,39,85.4,45.7,8.5,24.1,35.2,16.1,20.9,77.2,10.4,33.9,44.2,22.8,13.1,7.7,5.6,3.9,17.2,19.7,2.9,2017
14,Denver Nuggets,82,46,36,0.561,48.5,110,40.7,86.6,47,11.5,30.9,37.1,17.1,22.3,76.7,11,33.5,44.5,25.1,15,7.6,4.9,4.8,18.7,20.7,1.5,2017
15,Miami Heat,82,44,38,0.537,48.6,103.4,38.8,85.3,45.5,11,30.6,36,14.7,19.5,75.5,9.3,34.2,43.5,22.7,14.4,7.6,5.3,4.6,20.1,19.4,0.5,2017
15,Milwaukee Bucks,82,44,38,0.537,48.4,106.5,39.7,83,47.8,8.8,24.7,35.5,18.3,23.4,78.3,8.4,31.5,39.8,23.2,13.8,8.8,5.4,4.5,21.4,19.9,-0.3,2017
17,Washington Wizards,82,43,39,0.524,48.4,106.6,39.9,85.6,46.7,9.9,26.5,37.5,16.8,21.8,77.2,10,33.1,43.1,25.2,14.6,7.9,4.3,4.7,21.3,20,0.6,2017
18,LA Clippers,82,42,40,0.512,48.1,109,40.3,85.4,47.1,9.5,26.8,35.4,19,25.5,74.3,10.1,33.7,43.9,22.3,14.7,7.7,4.5,5.6,20,22,0,2017
19,Detroit Pistons,82,39,43,0.476,48.3,103.8,39.1,86.9,45,10.8,28.9,37.3,14.7,19.8,74.5,10.1,33.6,43.7,22.8,13.4,7.7,3.9,4.9,18.4,18.4,-0.1,2017
20,Charlotte Hornets,82,36,46,0.439,48.2,108.2,39,86.7,45,10,27.2,36.9,20.2,27,74.7,10.1,35.4,45.5,21.6,12.7,6.8,4.5,4.9,17.2,22.4,0.3,2017
21,Los Angeles Lakers,82,35,47,0.427,48.5,108.1,40.7,88.4,46.1,10,29.1,34.5,16.6,23.3,71.4,10.7,35.7,46.4,23.8,15.8,7.7,4.7,5.5,21.2,20.5,-1.5,2017
22,New York Knicks,82,29,53,0.354,48.4,104.5,40.7,87.7,46.4,8.2,23.3,35.2,14.9,19,78.7,10.5,33.6,44,23.3,14.7,6.7,5.1,4.7,20.5,18.4,-3.6,2017
23,Brooklyn Nets,82,28,54,0.341,48.4,106.6,38.2,86.8,44.1,12.7,35.7,35.6,17.4,22.6,77.2,9.7,34.8,44.4,23.7,15.2,6.2,4.8,5.5,20.6,19.7,-3.7,2017
24,Chicago Bulls,82,27,55,0.329,48.4,102.9,38.7,88.8,43.5,11,31.1,35.5,14.6,19.2,75.9,9.6,35,44.7,23.5,14,7.6,3.5,5.2,19.2,17.4,-7,2017
24,Sacramento Kings,82,27,55,0.329,48.2,98.8,38.8,86.1,45,9,24,37.5,12.3,16.7,73.5,9.5,31.4,40.9,21.6,13.7,7.8,4.1,4.7,20,17.3,-7,2017
26,Orlando Magic,82,25,57,0.305,48.1,103.4,38.8,85.9,45.2,10.3,29.3,35.1,15.5,20.5,75.7,8.8,32.8,41.6,23.4,14.5,7.6,4.9,4.9,19.3,19,-4.8,2017
27,Atlanta Hawks,82,24,58,0.293,48.1,103.4,38.2,85.5,44.6,11.2,31,36,15.8,20.2,78.5,9.1,32.8,41.9,23.7,15.5,7.8,4.2,5.5,19.6,20.3,-5.5,2017
27,Dallas Mavericks,82,24,58,0.293,48.3,102.3,38.1,85.9,44.4,11.8,32.8,36,14.2,18.7,76.3,8.1,33.1,41.3,22.7,12.3,7,3.8,4.5,19.2,19.6,-3,2017
29,Memphis Grizzlies,82,22,60,0.268,48.1,99.3,36.7,82.8,44.4,9.2,26.2,35.2,16.6,21.1,78.6,9.5,31,40.5,21.5,15,7.5,4.8,5.1,23.2,20.4,-6.2,2017
30,Phoenix Suns,82,21,61,0.256,48.1,103.9,38.5,87.1,44.2,9.3,27.9,33.4,17.7,23.9,74.1,10.3,33.9,44.1,21.3,15.7,6.9,4.5,6,22,20.9,-9.4,2017
1,Milwaukee Bucks,82,60,22,0.732,48.2,118.1,43.4,91.1,47.6,13.5,38.2,35.3,17.9,23.2,77.3,9.3,40.4,49.7,26,13.9,7.5,5.9,4.8,19.6,20.2,8.9,2018
2,Toronto Raptors,82,58,24,0.707,48.5,114.4,42.2,89.1,47.4,12.4,33.8,36.6,17.7,22,80.4,9.6,35.6,45.2,25.4,14,8.3,5.3,4.5,21,20.5,6.1,2018
3,Golden State Warriors,82,57,25,0.695,48.3,117.7,44,89.8,49.1,13.3,34.4,38.5,16.3,20.4,80.1,9.7,36.5,46.2,29.4,14.3,7.6,6.4,3.6,21.4,19.5,6.5,2018
4,Denver Nuggets,82,54,28,0.659,48.1,110.7,41.9,90,46.6,11,31.4,35.1,15.8,20.9,75.5,11.9,34.5,46.4,27.4,13.4,7.7,4.4,5,20,20.4,4,2018
5,Houston Rockets,82,53,29,0.646,48.4,113.9,39.2,87.4,44.9,16.1,45.4,35.6,19.3,24.4,79.1,10.2,31.9,42.1,21.2,13.3,8.5,4.9,4.5,22,20,4.8,2018
5,Portland Trail Blazers,82,53,29,0.646,48.4,114.7,42.3,90.6,46.7,11,30.7,35.9,19,23.3,81.4,11.8,36.2,48,23,13.8,6.7,5,5.1,20.4,20.7,4.2,2018
7,Philadelphia 76ers,82,51,31,0.622,48.3,115.2,41.5,88.2,47.1,10.8,30.2,35.9,21.2,27.5,77.1,10.9,36.9,47.8,26.9,14.9,7.4,5.3,4.1,21.3,22.1,2.7,2018
8,Utah Jazz,82,50,32,0.61,48.2,111.7,40.4,86.4,46.8,12.1,34,35.6,18.8,25.5,73.6,10,36.4,46.4,26,15.1,8.1,5.9,4.6,21.1,22.4,5.3,2018
9,Boston Celtics,82,49,33,0.598,48.2,112.4,42.1,90.5,46.5,12.6,34.5,36.5,15.6,19.5,80.2,9.8,34.7,44.5,26.3,12.8,8.6,5.3,3.9,20.4,19.5,4.4,2018
9,Oklahoma City Thunder,82,49,33,0.598,48.4,114.5,42.6,94,45.4,11.4,32.6,34.8,17.8,25,71.3,12.6,35.5,48.1,23.4,14,9.3,5.2,5.1,22.4,22.5,3.4,2018
11,Indiana Pacers,82,48,34,0.585,48.1,108,41.3,87,47.5,9.5,25.4,37.4,15.8,21.1,75.2,9.3,33.7,43,26,13.7,8.7,4.9,5.2,19.4,20,3.3,2018
11,LA Clippers,82,48,34,0.585,48.4,115.1,41.3,87.5,47.1,10,25.8,38.8,22.6,28.5,79.2,9.7,35.8,45.5,24,14.5,6.8,4.7,6.1,23.3,24,0.9,2018
11,San Antonio Spurs,82,48,34,0.585,48.3,111.7,42.3,88.4,47.8,9.9,25.3,39.2,17.2,21,81.9,9.2,35.5,44.7,24.5,12.1,6.1,4.7,4,18.1,19.6,1.7,2018
14,Brooklyn Nets,82,42,40,0.512,48.7,112.2,40.3,89.7,44.9,12.8,36.2,35.3,19,25.5,74.5,11,35.6,46.6,23.8,15.1,6.6,4.1,5.3,21.5,22,-0.1,2018
14,Orlando Magic,82,42,40,0.512,48.2,107.3,40.4,89.1,45.4,11.4,32.1,35.6,15,19.2,78.2,10,35.4,45.4,25.5,13.2,6.6,5.4,4.4,18.6,18.7,0.7,2018
16,Detroit Pistons,82,41,41,0.5,48.4,107,38.8,88.3,44,12.1,34.8,34.8,17.3,23.1,74.7,11.4,33.6,45,22.5,13.8,6.9,4,5.1,22.1,21.3,-0.2,2018
17,Charlotte Hornets,82,39,43,0.476,48.4,110.7,40.2,89.8,44.8,11.9,33.9,35.1,18.4,23.1,79.7,9.9,33.9,43.8,23.2,12.2,7.2,4.9,6,18.9,20.6,-1.1,2018
17,Miami Heat,82,39,43,0.476,48.1,105.7,39.6,88,45,11.3,32.4,34.9,15.1,21.7,69.5,11.2,35.1,46.3,24.3,14.7,7.6,5.5,4.7,20.9,20.1,-0.2,2018
17,Sacramento Kings,82,39,43,0.476,48.1,114.2,43.2,93.1,46.4,11.3,29.9,37.8,16.5,22.7,72.6,11,34.4,45.4,25.4,13.4,8.3,4.4,5.1,21.4,21.4,-1.1,2018
20,Los Angeles Lakers,82,37,45,0.451,48.2,111.8,42.6,90.5,47,10.3,31,33.3,16.3,23.3,69.9,10.2,36.4,46.6,25.6,15.7,7.5,5.4,5.1,20.7,20.8,-1.7,2018
21,Minnesota Timberwolves,82,36,46,0.439,48.4,112.5,41.6,91.3,45.6,10.1,28.7,35.1,19.1,24.3,78.7,11.3,33.5,44.8,24.6,13.1,8.3,5,5.5,20.3,21.9,-1.5,2018
22,Dallas Mavericks,82,33,49,0.402,48.2,108.9,38.8,86.9,44.7,12.5,36.6,34,18.8,25.3,74.2,10.1,35.2,45.3,23.4,14.2,6.5,4.3,4.5,20.1,23.2,-1.3,2018
22,Memphis Grizzlies,82,33,49,0.402,48.5,103.5,38,84.4,45,9.9,28.9,34.2,17.7,23,77.2,8.8,33,41.8,23.9,14,8.3,5.5,4.9,22,21.4,-2.6,2018
22,New Orleans Pelicans,82,33,49,0.402,48.2,115.4,43.7,92.2,47.3,10.3,29.9,34.4,17.8,23.4,76.1,11.1,36.2,47.3,27,14.8,7.4,5.4,5.4,21.1,21,-1.3,2018
25,Washington Wizards,82,32,50,0.39,48.6,114,42.1,90.1,46.8,11.3,33.3,34.1,18.4,23.9,76.8,9.7,32.7,42.4,26.3,14.1,8.3,4.6,4.6,20.7,21.2,-2.9,2018
26,Atlanta Hawks,82,29,53,0.354,48.4,113.3,41.4,91.8,45.1,13,37,35.2,17.6,23.4,75.2,11.6,34.5,46.1,25.8,17,8.2,5.1,5.5,23.6,22.2,-6,2018
27,Chicago Bulls,82,22,60,0.268,48.5,104.9,39.8,87.9,45.3,9.1,25.9,35.1,16.2,20.7,78.3,8.8,34.1,42.9,21.9,14.1,7.4,4.3,5.8,20.3,18.7,-8.4,2018
28,Cleveland Cavaliers,82,19,63,0.232,48.2,104.5,38.9,87.6,44.4,10.3,29.1,35.5,16.4,20.7,79.2,10.7,31.9,42.7,20.7,13.5,6.5,2.4,5.6,20,19.4,-9.6,2018
28,Phoenix Suns,82,19,63,0.232,48.5,107.5,40.1,87.4,45.9,9.6,29.3,32.9,17.6,22.7,77.9,9.1,31.3,40.4,23.9,15.6,9,5.1,5,23.6,20.7,-9.3,2018
30,New York Knicks,82,17,65,0.207,48.2,104.6,38.2,88.3,43.3,10,29.5,34,18.1,23.9,75.9,10.5,34.3,44.7,20.1,14,6.8,5.1,5.6,20.9,20.8,-9.2,2018
1,Milwaukee Bucks,73,56,17,0.767,48.2,118.7,43.3,90.9,47.6,13.8,38.9,35.5,18.3,24.7,74.2,9.5,42.2,51.7,25.9,15.1,7.2,5.9,4.5,19.6,21.7,10.1,2019
2,Toronto Raptors,72,53,19,0.736,48.3,112.8,40.2,87.9,45.8,13.8,37,37.4,18.5,23.2,79.6,9.5,35.9,45.4,25.2,14.8,8.8,5,5.5,21.7,20.4,6.2,2019
3,Los Angeles Lakers,71,52,19,0.732,48.1,113.4,42.3,88.3,48,11,31.6,34.9,17.7,24.3,72.9,10.7,35.1,45.7,25.4,15.2,8.6,6.6,3.7,20.7,21.7,5.8,2019
4,LA Clippers,72,49,23,0.681,48.3,116.3,41.6,89.2,46.6,12.4,33.5,37.1,20.8,26.3,79.1,10.7,37,47.7,23.7,14.6,7.1,4.7,4.7,22.1,22.9,6.4,2019
5,Boston Celtics,72,48,24,0.667,48.4,113.7,41.3,89.6,46.1,12.6,34.5,36.4,18.6,23.2,80.1,10.7,35.4,46.1,23,13.8,8.3,5.6,5.5,21.6,20.7,6.3,2019
6,Denver Nuggets,73,46,27,0.63,48.6,111.3,42,88.9,47.3,11,30.6,35.9,16.2,20.9,77.7,10.8,33.4,44.1,26.7,13.8,8,4.6,4.4,20.3,20.5,2.1,2019
7,Indiana Pacers,73,45,28,0.616,48.3,109.4,42.1,88.5,47.6,10.2,28,36.3,15,19.1,78.7,8.7,34.1,42.8,25.9,13.2,7.4,5.2,4.6,19.8,18.8,2,2019
8,Houston Rockets,72,44,28,0.611,48.3,117.8,40.8,90.4,45.1,15.6,45.3,34.5,20.6,26.1,79.1,9.8,34.5,44.3,21.6,14.7,8.7,5.2,4.9,21.8,21,3,2019
8,Oklahoma City Thunder,72,44,28,0.611,48.4,110.4,40,85.5,46.8,10.7,30.2,35.5,19.8,24.8,79.6,8.2,34.7,42.9,21.7,13.7,7.6,4.9,4,19.3,22.8,2,2019
8,Utah Jazz,72,44,28,0.611,48.2,111.3,40.1,85.1,47.1,13.4,35.2,38,17.8,22.8,77.9,9.1,35.8,44.9,22.4,15.1,6.1,4.1,4.6,20.4,20.8,2.5,2019
11,Miami Heat,73,44,29,0.603,48.6,112,39.5,84.4,46.8,13.4,35.4,37.9,19.7,25.2,78.3,8.5,35.9,44.4,25.9,14.9,7.5,4.5,4.1,20.6,21.7,2.9,2019
12,Philadelphia 76ers,73,43,30,0.589,48.2,110.7,41.1,87.9,46.8,11.6,31.6,36.8,16.9,22.4,75.5,10.5,35,45.4,25.8,14.2,8,5.3,4,20.9,20.5,2.4,2019
13,Dallas Mavericks,75,43,32,0.573,48.5,117,41.7,90.3,46.1,15.1,41.3,36.7,18.6,23.8,77.9,10.5,36.4,46.9,24.7,12.7,6.1,4.8,4.1,19.5,21.3,4.9,2019
14,Brooklyn Nets,72,35,37,0.486,48.6,111.8,40.4,90.3,44.8,13.1,38.1,34.3,17.9,24.1,74.5,10.6,37.3,47.9,24.5,15.3,6.4,4.5,5.3,21,21.1,-0.6,2019
15,Portland Trail Blazers,74,35,39,0.473,48.2,115,42.2,91.2,46.3,12.9,34.1,37.7,17.7,22.1,80.4,10.2,35.1,45.3,20.6,12.8,6.3,6.1,4.9,21.7,20.1,-1.1,2019
16,Memphis Grizzlies,73,34,39,0.466,48.1,112.6,42.5,90.9,46.8,10.9,31.5,34.7,16.6,21.8,76.3,10.3,36.2,46.5,26.9,15.2,7.9,5.5,5.3,21.2,20.2,-1.1,2019
16,Phoenix Suns,73,34,39,0.466,48.2,113.6,41.2,88.1,46.8,11.4,31.8,35.8,19.9,23.8,83.4,9.8,33.8,43.5,27.2,14.8,7.7,4,5.5,22,22.6,0.2,2019
18,Orlando Magic,73,33,40,0.452,48.1,107.3,39.3,88.6,44.4,11.1,32.2,34.3,17.6,22.7,77.4,10.3,34.2,44.5,23.9,12.8,8.2,5.4,4.6,18.3,19.5,-1,2019
19,San Antonio Spurs,71,32,39,0.451,48.5,114.1,42.2,89.4,47.2,10.7,28.5,37.6,19,23.4,81,9,35.6,44.6,24.7,12.6,7.3,5.5,4.3,19.4,20.1,-1.1,2019
20,Sacramento Kings,72,31,41,0.431,48.5,110.1,40.9,88.4,46.2,12.7,34.9,36.4,15.7,20.3,77,9.7,32.9,42.6,23.8,14.5,7.7,4.1,4.2,22.2,19.5,-2,2019
21,New Orleans Pelicans,72,30,42,0.417,48.4,115.8,42.6,91.6,46.5,13.6,36.9,37,17.1,23.4,72.9,11.1,35.4,46.5,26.8,16.4,7.5,5,4.8,21.2,21.1,-1.3,2019
22,Charlotte Hornets,65,23,42,0.354,48.5,102.9,37.3,85.9,43.4,12.1,34.3,35.2,16.2,21.6,74.8,11,31.8,42.8,23.8,14.6,6.6,4.1,5,18.8,20.6,-6.8,2019
23,Washington Wizards,72,25,47,0.347,48.2,114.4,41.5,90.9,45.7,12,32.6,36.8,19.4,24.6,78.8,10.2,31.9,42,25,14.2,8,4.3,5,22.7,22.2,-4.7,2019
24,Chicago Bulls,65,22,43,0.338,48.2,106.8,39.6,88.6,44.7,12.2,35.1,34.8,15.5,20.5,75.5,10.5,31.4,41.9,23.2,15.5,10,4.1,5.9,21.8,19.2,-3.1,2019
25,New York Knicks,66,21,45,0.318,48.4,105.8,40,89.3,44.7,9.6,28.4,33.7,16.3,23.5,69.4,12,34.5,46.5,22.1,14.3,7.6,4.7,5,22.2,19.8,-6.5,2019
26,Detroit Pistons,66,20,46,0.303,48.4,107.2,39.3,85.7,45.9,12,32.7,36.7,16.6,22.4,74.3,9.8,32,41.7,24.1,15.3,7.4,4.5,5.6,19.7,19.8,-3.6,2019
27,Atlanta Hawks,67,20,47,0.299,48.6,111.8,40.6,90.6,44.9,12,36.1,33.3,18.5,23.4,79,9.9,33.4,43.3,24,16.2,7.8,5.1,6.4,23.1,21,-8,2019
28,Minnesota Timberwolves,64,19,45,0.297,48.6,113.3,40.4,91.6,44.1,13.3,39.7,33.6,19.1,25.4,75.3,10.5,34.3,44.8,23.8,15.3,8.7,5.7,5.5,21.4,21.6,-4.3,2019
29,Cleveland Cavaliers,65,19,46,0.292,48.4,106.9,40.3,87.9,45.8,11.2,31.8,35.1,15.1,19.9,75.8,10.8,33.4,44.2,23.1,16.5,6.9,3.2,6.3,18.3,19.6,-7.9,2019
30,Golden State Warriors,65,15,50,0.231,48.4,106.3,38.6,88.2,43.8,10.4,31.3,33.4,18.7,23.2,80.3,10,32.9,42.8,25.6,14.9,8.2,4.6,4.9,20.1,20.1,-8.7,2019
1,Utah Jazz,72,52,20,0.722,48.2,116.4,41.3,88.1,46.8,16.7,43,38.9,17.2,21.5,79.9,10.6,37.6,48.3,23.7,14.2,6.6,5.2,3.9,18.5,19,9.3,2020
2,Phoenix Suns,72,51,21,0.708,48.6,115.3,43.3,88.3,49,13.1,34.6,37.8,15.6,18.7,83.4,8.8,34.2,42.9,26.9,12.5,7.2,4.3,3.6,19.1,18,5.8,2020
3,Philadelphia 76ers,72,49,23,0.681,48.4,113.6,41.4,86.9,47.6,11.3,30.1,37.4,19.6,25.5,76.7,10,35,45.1,23.7,14.4,9.1,6.2,4.7,20.2,21,5.6,2020
4,Brooklyn Nets,72,48,24,0.667,48.3,118.6,43.1,87.3,49.4,14.2,36.1,39.2,18.1,22.5,80.4,8.9,35.5,44.4,26.8,13.5,6.7,5.3,4.6,19,18.9,4.5,2020
5,Denver Nuggets,72,47,25,0.653,48.6,115.1,43.3,89.2,48.5,12.9,34.2,37.7,15.7,19.5,80.3,10.5,33.9,44.4,26.8,13.5,8.1,4.5,4.5,19.1,19.2,4.9,2020
5,LA Clippers,72,47,25,0.653,48,114,41.8,86.7,48.2,14.3,34.7,41.1,16.2,19.3,83.9,9.4,34.7,44.2,24.4,13.2,7.1,4.1,4.2,19.2,18.1,6.2,2020
7,Milwaukee Bucks,72,46,26,0.639,48.1,120.1,44.7,91.8,48.7,14.4,37.1,38.9,16.2,21.4,76,10.3,37.8,48.1,25.5,13.8,8.1,4.6,4.8,17.3,18.3,5.9,2020
8,Dallas Mavericks,72,42,30,0.583,48.1,112.4,41.1,87.3,47,13.8,38.1,36.2,16.5,21.2,77.8,9.1,34.2,43.3,22.9,12.1,6.3,4.3,3.7,19.4,20.1,2.3,2020
8,Los Angeles Lakers,72,42,30,0.583,48.5,109.5,40.6,86.1,47.2,11.1,31.2,35.4,17.2,23.3,73.9,9.7,34.6,44.2,24.7,15.2,7.8,5.4,4.5,19.1,21.3,2.8,2020
8,Portland Trail Blazers,72,42,30,0.583,48.1,116.1,41.3,91.1,45.3,15.7,40.8,38.5,17.8,21.6,82.3,10.6,33.9,44.5,21.3,11.1,6.9,5,4.6,18.9,19.1,1.8,2020
11,Atlanta Hawks,72,41,31,0.569,48.3,113.7,40.8,87.2,46.8,12.4,33.4,37.3,19.7,24.2,81.2,10.6,35.1,45.6,24.1,13.2,7,4.8,5,19.3,19.8,2.3,2020
11,New York Knicks,72,41,31,0.569,48.4,107,39.4,86.5,45.6,11.8,30,39.2,16.4,20.9,78.4,9.7,35.5,45.1,21.4,12.9,7,5.1,5.4,20.5,17.9,2.3,2020
13,Miami Heat,72,40,32,0.556,48.3,108.1,39.2,83.7,46.8,12.9,36.2,35.8,16.7,21.1,79,8,33.5,41.5,26.3,14.1,7.9,4,4,18.9,19.6,0,2020
14,Golden State Warriors,72,39,33,0.542,48.1,113.7,41.3,88.2,46.8,14.6,38.7,37.6,16.6,21.1,78.5,8,35.1,43,27.7,15,8.2,4.8,4.3,21.2,19.5,1.1,2020
15,Memphis Grizzlies,72,38,34,0.528,48.3,113.3,42.8,91.8,46.7,11.2,31.4,35.6,16.4,21.3,77.1,11.2,35.3,46.5,26.9,13.3,9.1,5.1,5.2,18.7,18.3,1,2020
16,Boston Celtics,72,36,36,0.5,48.3,112.6,41.5,88.9,46.6,13.6,36.4,37.4,16.1,20.8,77.5,10.6,33.6,44.3,23.5,14.1,7.7,5.3,4.6,20.4,19.3,1.5,2020
17,Indiana Pacers,72,34,38,0.472,48.5,115.3,43.3,91.2,47.4,12.3,34,36.4,16.4,20.7,79.2,9,33.7,42.7,27.4,13.5,8.5,6.4,5.3,20.2,18.1,0,2020
17,Washington Wizards,72,34,38,0.472,48.3,116.6,43.2,90.9,47.5,10.2,29,35.1,20.1,26.2,76.9,9.7,35.5,45.2,25.5,14.4,7.3,4.1,4.8,21.6,22,-1.8,2020
19,Charlotte Hornets,72,33,39,0.458,48.2,109.5,39.9,87.8,45.5,13.7,37,36.9,15.9,20.9,76.1,10.6,33.2,43.8,26.8,14.8,7.8,4.8,4.8,18,18.6,-1.9,2020
19,San Antonio Spurs,72,33,39,0.458,48.6,111.1,41.9,90.5,46.2,9.9,28.4,35,17.4,22,79.2,9.3,34.6,43.9,24.4,11.4,7,5.1,5.1,18,18.6,-1.7,2020
21,Chicago Bulls,72,31,41,0.431,48.3,110.7,42.2,88.6,47.6,12.6,34,37,13.8,17.5,79.1,9.6,35.3,45,26.8,15.1,6.7,4.2,5.1,18.9,17.7,-0.9,2020
21,New Orleans Pelicans,72,31,41,0.431,48.4,114.6,42.5,89.1,47.7,10.6,30.4,34.8,19,26.1,72.9,11.7,35.7,47.4,26,14.6,7.6,4.4,5.9,18,21.3,-0.3,2020
21,Sacramento Kings,72,31,41,0.431,48.1,113.7,42.6,88.6,48.1,12.1,33.3,36.4,16.4,22,74.5,9.4,32,41.4,25.5,13.4,7.5,5,4.7,19.4,18.7,-3.7,2020
24,Toronto Raptors,72,27,45,0.375,48.1,111.3,39.7,88.7,44.8,14.5,39.3,36.8,17.4,21.3,81.5,9.4,32.1,41.6,24.1,13.2,8.6,5.4,5.6,21.2,19.5,-0.5,2020
25,Minnesota Timberwolves,72,23,49,0.319,48.3,112.1,40.7,90.9,44.8,13.1,37.6,34.9,17.6,23.1,76.1,10.5,33,43.5,25.6,14.3,8.8,5.5,5.5,20.9,19.9,-5.6,2020
26,Cleveland Cavaliers,72,22,50,0.306,48.4,103.8,38.6,85.8,45,10,29.7,33.6,16.7,22.4,74.3,10.4,32.3,42.8,23.8,15.5,7.8,4.5,5.9,18.2,20.2,-8.4,2020
26,Oklahoma City Thunder,72,22,50,0.306,48.2,105,38.8,88,44.1,11.9,35.1,33.9,15.5,21.3,72.5,9.9,35.7,45.6,22.1,16.1,7,4.4,5.3,18.1,18.6,-10.6,2020
28,Orlando Magic,72,21,51,0.292,48.1,104,38.3,89.2,42.9,10.9,31.8,34.3,16.6,21.4,77.5,10.4,35.1,45.4,21.8,12.8,6.9,4.4,5.3,17.2,18.6,-9.3,2020
29,Detroit Pistons,72,20,52,0.278,48.4,106.6,38.7,85.6,45.2,11.6,32.9,35.1,17.8,23.4,75.9,9.6,33.1,42.7,24.2,14.9,7.4,5.2,5.8,20.5,20.4,-4.5,2020
30,Houston Rockets,72,17,55,0.236,48.1,108.8,39.3,88.5,44.4,13.8,40.6,33.9,16.5,22.3,74,9.3,33.3,42.6,23.6,14.7,7.6,5,5.3,19.5,19.3,-7.9,2020